0 0 0 0 127 127 127 127 127 127 127 127 127 0 0 0
0 6.2803 15.3807 33.5223 80.0348 97.3582 104.667 107.778 108.561 107.455 103.991 96.2587 78.3767 31.0486 11.5741 0
0 9.74051 21.7201 38.6738 62.2588 77.7309 86.5321 90.8841 92.012 90.2691 85.2506 75.6668 59.1995 34.2436 15.2478 0
0 10.9616 23.0854 37.1939 52.5957 64.7744 72.8463 77.2141 78.3335 76.3583 71.0753 61.9585 48.5108 31.4785 15.1735 0
0 11.0206 22.4661 34.4207 46.1558 55.9247 62.8648 66.7923 67.7495 65.7554 60.734 52.581 41.4067 27.9861 13.9677 0
0 10.6549 21.3375 31.8669 41.6821 49.9039 55.8956 59.341 60.1169 58.1797 53.5243 46.2247 36.5489 25.0917 12.711 0
0 10.2613 20.3622 30.0273 38.8018 46.1131 51.4729 54.5591 55.1975 53.3222 48.9589 42.2445 33.4726 23.1208 11.7845 0
0 10.028 19.8228 29.0783 37.3846 44.2739 49.3239 52.2249 52.7917 50.9528 46.7445 40.3217 31.9763 22.1345 11.3063 0
0 10.028 19.8228 29.0783 37.3846 44.2739 49.3239 52.2249 52.7917 50.9528 46.7445 40.3217 31.9763 22.1345 11.3063 0
0 10.2613 20.3622 30.0273 38.8018 46.1131 51.4729 54.5591 55.1975 53.3222 48.9589 42.2445 33.4726 23.1208 11.7845 0
0 10.6549 21.3375 31.8669 41.6821 49.9039 55.8956 59.341 60.1169 58.1797 53.5243 46.2247 36.5489 25.0917 12.711 0
0 11.0206 22.4661 34.4207 46.1558 55.9247 62.8648 66.7923 67.7495 65.7554 60.734 52.581 41.4067 27.9861 13.9677 0
0 10.9616 23.0854 37.1939 52.5957 64.7744 72.8463 77.2141 78.3335 76.3583 71.0753 61.9585 48.5108 31.4785 15.1735 0
0 9.74051 21.7201 38.6738 62.2588 77.7309 86.5321 90.8841 92.012 90.2691 85.2506 75.6668 59.1995 34.2436 15.2478 0
0 6.2803 15.3807 33.5223 80.0348 97.3582 104.667 107.778 108.561 107.455 103.991 96.2587 78.3767 31.0486 11.5741 0
0 0 0 0 127 127 127 127 127 127 127 127 127 0 0 0